
__ITEM__
0,item,アイテム！,0,40,40,4,0.1,3,0,0,2,10,0
1,item,アイテム！,0,40,40,4,0.1,3,0,0,2,10,0
2,item,アイテム！,0,40,40,4,0.1,3,0,0,2,10,0
3,item,アイテム！,0,40,40,4,0.1,3,0,0,2,10,0
4,item,アイテム！aitemuitamu,0,40,40,4,0.1,3,0,0,2,10,0
5,item1234,アイテム！aitemuitamu,0,40,40,4,0.1,3,0,0,2,10,0
6,item1234,アイテム！aitemuitamu,0,40,40,4,0.1,3,0,0,2,10,0
7,item1234,アイテム！aitemuitamu,0,40,40,4,0.1,3,0,0,2,10,0
8,item1234,アイテム！aitemuitamu,0,40,40,4,0.1,3,0,0,2,10,0
9,item1234,アイテム！aitemuitamu,0,40,40,4,0.1,3,0,0,2,10,0
10,item1234,アイテム！aitemuitamu,0,40,40,4,0.1,3,0,0,2,10,0
11,item1234,アイテム！aitemuitamu,0,40,40,4,0.1,3,0,0,2,10,0
12,item1234,アイテム！aitemuitamu,0,40,40,4,0.1,3,0,0,2,10,0
13,item1234,アイテム！aitemuitamu,0,40,40,4,0.1,3,0,0,2,10,0
14,item1234,アイテム！aitemuitamu,0,40,40,4,0.1,3,0,0,2,10,0
15,item1234,アイテム！aitemuitamu,0,40,40,4,0.1,3,0,0,2,10,0
__EOF_ITEM__
__WEAPON__
0,ロングソード,剣！！,1,158,100,1,3.0,0,0,40,10,4,4,80,4,1,0,0|5|5
1,ロングスピア,槍！！,1,109,200,1,5.0,0,0,40,0,4,4,80,4,1,1,
2,ケーリュケイオン,つえ,1,126,200,4,5.0,4,1,10,100,0,40,60,10,10,0,
3,デバッグアックス,デバッグ用の斧！めちゃつよー,1,24,200,4,5.0,1,0,200,200,100,100,120,90,90,0,
4,デバッグソード,デバッグ用の剣！めちゃつよー,1,153,20000,4,5.0,0,0,200,200,100,100,120,90,90,1,
5,アルバレスと,デバッグ用の剣！めちゃつよー,1,67,20000,4,5.0,0,0,200,200,100,100,120,90,90,1,
6,ブラッドメイス,デバッグ用の剣！めちゃつよー,1,125,20000,4,5.0,0,0,200,200,100,100,120,90,90,1,
7,レーヴァンテイン,デバッグ用の剣！めちゃつよー,1,187,20000,4,5.0,0,0,200,200,100,100,120,90,90,1,
8,デスサイズ,デバッグ用の剣！めちゃつよー,1,77,20000,4,5.0,2,0,200,200,100,100,120,90,90,1,
__EOF_WEAPON__
__ARMOR__
0,アーマー,,2,91,0,0,0.0,0,0,0,0
1,レザーアーマー,,2,91,0,0,0.0,0,0,0,0
2,ローブ,,2,91,0,0,0.0,0,0,0,0
3,テストメイル,,2,91,0,0,0.0,0,0,0,0
4,手袋,,2,91,0,0,0.0,1,0,0,0
5,ミトン,,2,91,0,0,0.0,1,0,0,0
6,ガントレット,,2,91,0,0,0.0,1,0,0,0
7,帽子,,2,91,0,0,0.0,2,0,0,0
8,ヘルム,,2,91,0,0,0.0,2,0,0,0
9,フルフェイス,,2,91,0,0,0.0,2,0,0,0
10,バックラー,,2,91,0,0,0.0,4,0,0,0
11,ナイトシールド,,2,91,0,0,0.0,4,0,0,0
12,カイトシールド,,2,91,0,0,0.0,4,0,0,0
__EOF_ARMOR__
__ACCE__
0,リング,,3,0,0,0,0.0,0,0,0,0,0,0,0,0,0,0,0,0,0,0,0,0
1,スタンプリング,,3,0,0,0,0.0,0,0,0,0,0,0,0,0,0,0,0,0,0,0,0,0
2,エンゲージリング,,3,0,0,0,0.0,0,0,0,0,0,0,0,0,0,0,0,0,0,0,0,0
3,ネックレス,,3,0,0,0,0.0,1,0,0,0,0,0,0,0,0,0,0,0,0,0,0,0
4,タリスマン,,3,0,0,0,0.0,1,0,0,0,0,0,0,0,0,0,0,0,0,0,0,0
5,勲章,,3,0,0,0,0.0,1,0,0,0,0,0,0,0,0,0,0,0,0,0,0,0
6,ペンダント,,3,0,0,0,0.0,1,0,0,0,0,0,0,0,0,0,0,0,0,0,0,0
7,ガラス玉,,3,0,0,0,0.0,2,0,0,0,0,0,0,0,0,0,0,0,0,0,0,0
8,宝玉,,3,0,0,0,0.0,2,0,0,0,0,0,0,0,0,0,0,0,0,0,0,0
9,勾玉,,3,0,0,0,0.0,2,0,0,0,0,0,0,0,0,0,0,0,0,0,0,0
__EOF_ACCE__
__MATERIAL__
0,メノス銅,,4,0,0,0,0.0,0,0,0,0,0,0,0,0,0,0,0,0,0,0,0,0,0,0,0,0,0,0,0,0,
1,グランス鋼鉄,,4,0,0,0,0.0,0,0,0,0,0,0,0,0,0,0,0,0,0,0,0,0,0,0,0,0,0,0,0,0,
2,イシュ白金,,4,0,0,0,0.0,0,0,0,0,0,0,0,0,0,0,0,0,0,0,0,0,0,0,0,0,0,0,0,0,
3,ディオールの木,,4,0,0,0,0.0,2,0,0,0,0,0,0,0,0,0,0,0,0,0,0,0,0,0,0,0,0,0,0,0,
4,ガラクネの骨,,4,0,0,0,0.0,3,0,0,0,0,0,0,0,0,0,0,0,0,0,0,0,0,0,0,0,0,0,0,0,
__EOF_MATERIAL__
